Timestamp,Milliseconds,X,Y,Z,cos,headingAccuracy
2020-07-19 22:05:32,1,0.024392,-0.223966,0.957404,0.180613,0.0
2020-07-19 22:05:32,10,0.02386,-0.223978,0.957788,0.178621,0.0
2020-07-19 22:05:32,20,0.024597,-0.224027,0.957877,0.177981,0.0
2020-07-19 22:05:32,30,0.025465,-0.22407,0.957954,0.17739,0.0
2020-07-19 22:05:32,40,0.026439,-0.224099,0.958021,0.176846,0.0
2020-07-19 22:05:32,50,0.027376,-0.224093,0.958113,0.176214,0.0
2020-07-19 22:05:32,60,0.028307,-0.224068,0.958231,0.175455,0.0
2020-07-19 22:05:32,71,0.029187,-0.224021,0.958367,0.174628,0.0
2020-07-19 22:05:32,80,0.030132,-0.223979,0.958511,0.173727,0.0
2020-07-19 22:05:32,90,0.031321,-0.224043,0.958627,0.172793,0.0
2020-07-19 22:05:32,100,0.033084,-0.224413,0.958655,0.171824,0.0
2020-07-19 22:05:32,110,0.035175,-0.224867,0.958659,0.170791,0.0
2020-07-19 22:05:32,121,0.037288,-0.225333,0.958636,0.169854,0.0
2020-07-19 22:05:32,130,0.039296,-0.225782,0.958602,0.168996,0.0
2020-07-19 22:05:33,140,0.041081,-0.226161,0.958556,0.168322,0.0
2020-07-19 22:05:33,150,0.04257,-0.226429,0.958499,0.167919,0.0
2020-07-19 22:05:33,160,0.043845,-0.226595,0.958445,0.167674,0.0
2020-07-19 22:05:33,170,0.044775,-0.226675,0.95838,0.167691,0.0
2020-07-19 22:05:33,180,0.045281,-0.226657,0.958323,0.167905,0.0
2020-07-19 22:05:33,190,0.045508,-0.226596,0.958267,0.168244,0.0
2020-07-19 22:05:33,201,0.045626,-0.226547,0.958206,0.168625,0.0
2020-07-19 22:05:33,210,0.045705,-0.226492,0.958155,0.168969,0.0
2020-07-19 22:05:33,220,0.045976,-0.226469,0.958095,0.169268,0.0
2020-07-19 22:05:33,230,0.046816,-0.226502,0.958009,0.169481,0.0
2020-07-19 22:05:33,240,0.048273,-0.226526,0.957892,0.169699,0.0
2020-07-19 22:05:33,250,0.050339,-0.226457,0.95776,0.169933,0.0
2020-07-19 22:05:33,260,0.053007,-0.226243,0.957594,0.170342,0.0
2020-07-19 22:05:33,270,0.056297,-0.225786,0.957395,0.17101,0.0
2020-07-19 22:05:33,281,0.06029,-0.225061,0.957139,0.172033,0.0
2020-07-19 22:05:33,290,0.065088,-0.224205,0.956791,0.173335,0.0
2020-07-19 22:05:33,300,0.070815,-0.223343,0.956328,0.174756,0.0
2020-07-19 22:05:33,310,0.077592,-0.222578,0.955722,0.176159,0.0
2020-07-19 22:05:33,320,0.086037,-0.222034,0.954909,0.177331,0.0
2020-07-19 22:05:33,330,0.096605,-0.221937,0.953773,0.178119,0.0
2020-07-19 22:05:33,340,0.109863,-0.222529,0.952154,0.178358,0.0
2020-07-19 22:05:33,350,0.126269,-0.224018,0.949843,0.177959,0.0
2020-07-19 22:05:33,361,0.144764,-0.226247,0.946815,0.177187,0.0
2020-07-19 22:05:33,370,0.164261,-0.228975,0.943113,0.176424,0.0
2020-07-19 22:05:33,380,0.18353,-0.231879,0.938896,0.176132,0.0
2020-07-19 22:05:33,390,0.201506,-0.234667,0.934421,0.176585,0.0
2020-07-19 22:05:33,400,0.218101,-0.237362,0.929816,0.177573,0.0
2020-07-19 22:05:33,410,0.23354,-0.239869,0.92516,0.178885,0.0
2020-07-19 22:05:33,420,0.247223,-0.242017,0.920747,0.180365,0.0
2020-07-19 22:05:33,430,0.258714,-0.243497,0.916847,0.18212,0.0
2020-07-19 22:05:33,440,0.267671,-0.244145,0.913686,0.184176,0.0
2020-07-19 22:05:33,451,0.274506,-0.243927,0.911223,0.186592,0.0
2020-07-19 22:05:33,460,0.280213,-0.243157,0.909106,0.189422,0.0
2020-07-19 22:05:33,471,0.286251,-0.242302,0.906802,0.192509,0.0
2020-07-19 22:05:33,480,0.293513,-0.241753,0.903929,0.195745,0.0
2020-07-19 22:05:33,490,0.302779,-0.24207,0.900049,0.19909,0.0
2020-07-19 22:05:33,500,0.314074,-0.243307,0.89506,0.202547,0.0
2020-07-19 22:05:33,511,0.32745,-0.245461,0.888845,0.206101,0.0
2020-07-19 22:05:33,520,0.34327,-0.248659,0.8811,0.209752,0.0
2020-07-19 22:05:33,530,0.36087,-0.25263,0.871997,0.213472,0.0
2020-07-19 22:05:33,540,0.379713,-0.25733,0.861583,0.217422,0.0
2020-07-19 22:05:33,551,0.399494,-0.262648,0.849871,0.22167,0.0
2020-07-19 22:05:33,561,0.419464,-0.268376,0.837095,0.226482,0.0
2020-07-19 22:05:33,570,0.438672,-0.274116,0.823798,0.23191,0.0
2020-07-19 22:05:33,580,0.456588,-0.279486,0.810441,0.237905,0.0
2020-07-19 22:05:33,590,0.472915,-0.284218,0.797411,0.244347,0.0
2020-07-19 22:05:33,600,0.4879,-0.288491,0.784671,0.251029,0.0
2020-07-19 22:05:33,610,0.501836,-0.292473,0.772116,0.257789,0.0
2020-07-19 22:05:33,621,0.515109,-0.296317,0.759549,0.264465,0.0
2020-07-19 22:05:33,631,0.527958,-0.300328,0.746666,0.271204,0.0
2020-07-19 22:05:33,640,0.540587,-0.304488,0.733315,0.278029,0.0
2020-07-19 22:05:33,650,0.552908,-0.308809,0.719497,0.285048,0.0
2020-07-19 22:05:33,660,0.552908,-0.308809,0.719497,0.285048,0.0
2020-07-19 22:05:33,671,0.576454,-0.317734,0.690424,0.300098,0.0
2020-07-19 22:05:33,680,0.587479,-0.322069,0.675447,0.308075,0.0
2020-07-19 22:05:33,690,0.59749,-0.326312,0.660651,0.316329,0.0
2020-07-19 22:05:33,700,0.606229,-0.330481,0.646381,0.324744,0.0
2020-07-19 22:05:33,710,0.61347,-0.334695,0.632903,0.333265,0.0
2020-07-19 22:05:33,720,0.619464,-0.338966,0.620155,0.34172,0.0
2020-07-19 22:05:33,731,0.624465,-0.343376,0.607899,0.350133,0.0
2020-07-19 22:05:33,740,0.628796,-0.347929,0.595784,0.35861,0.0
2020-07-19 22:05:33,750,0.632535,-0.352582,0.583721,0.367223,0.0
2020-07-19 22:05:33,760,0.635689,-0.357336,0.571643,0.376076,0.0
2020-07-19 22:05:33,770,0.638449,-0.362222,0.559373,0.385069,0.0
2020-07-19 22:05:33,780,0.640943,-0.367254,0.546761,0.394167,0.0
2020-07-19 22:05:33,791,0.643298,-0.372533,0.53356,0.403358,0.0
2020-07-19 22:05:33,800,0.64557,-0.378074,0.519722,0.412537,0.0
2020-07-19 22:05:33,810,0.647705,-0.38382,0.505349,0.42164,0.0
2020-07-19 22:05:33,820,0.649736,-0.389968,0.490265,0.430589,0.0
2020-07-19 22:05:33,831,0.651785,-0.396882,0.474107,0.439183,0.0
2020-07-19 22:05:33,840,0.653795,-0.40454,0.45688,0.44739,0.0
2020-07-19 22:05:33,851,0.655703,-0.412925,0.43857,0.455194,0.0
2020-07-19 22:05:33,860,0.657497,-0.422142,0.418946,0.462576,0.0
2020-07-19 22:05:33,870,0.659025,-0.431856,0.39836,0.469567,0.0
2020-07-19 22:05:33,881,0.65998,-0.44181,0.377287,0.476322,0.0
2020-07-19 22:05:33,891,0.660165,-0.451607,0.356327,0.482972,0.0
2020-07-19 22:05:33,900,0.659381,-0.460955,0.336043,0.489705,0.0
2020-07-19 22:05:33,910,0.657743,-0.469897,0.31633,0.496492,0.0
2020-07-19 22:05:33,921,0.655412,-0.478563,0.297017,0.503182,0.0
2020-07-19 22:05:33,930,0.652352,-0.487029,0.278125,0.509788,0.0
2020-07-19 22:05:33,941,0.64863,-0.495246,0.259655,0.516322,0.0
2020-07-19 22:05:33,950,0.644328,-0.502987,0.241865,0.522825,0.0
2020-07-19 22:05:33,960,0.63953,-0.510149,0.224839,0.529334,0.0
2020-07-19 22:05:33,971,0.634312,-0.5166,0.208773,0.535897,0.0
2020-07-19 22:05:33,980,0.628724,-0.522299,0.193724,0.542567,0.0
2020-07-19 22:05:33,990,0.622795,-0.527214,0.179766,0.549412,0.0
2020-07-19 22:05:33,1000,0.616558,-0.531222,0.167144,0.556525,0.0
2020-07-19 22:05:33,1011,0.610075,-0.53455,0.155575,0.563791,0.0
2020-07-19 22:05:33,1020,0.603452,-0.537465,0.144718,0.570991,0.0
2020-07-19 22:05:33,1030,0.596732,-0.54022,0.134268,0.577966,0.0
2020-07-19 22:05:33,1041,0.589906,-0.542997,0.124089,0.584607,0.0
2020-07-19 22:05:33,1050,0.583004,-0.545895,0.113982,0.590856,0.0
2020-07-19 22:05:33,1060,0.576052,-0.54895,0.103889,0.596678,0.0
2020-07-19 22:05:33,1070,0.569087,-0.552187,0.093742,0.60203,0.0
2020-07-19 22:05:33,1081,0.562082,-0.555629,0.083469,0.606937,0.0
2020-07-19 22:05:33,1090,0.555047,-0.559422,0.072907,0.611272,0.0
2020-07-19 22:05:33,1100,0.547958,-0.563602,0.062053,0.615014,0.0
2020-07-19 22:05:33,1111,0.540862,-0.568014,0.051091,0.618236,0.0
2020-07-19 22:05:33,1120,0.533803,-0.572575,0.040121,0.620968,0.0
2020-07-19 22:05:33,1130,0.526823,-0.577181,0.029177,0.623271,0.0
2020-07-19 22:05:34,1141,0.520009,-0.581744,0.018346,0.625161,0.0
2020-07-19 22:05:34,1150,0.513319,-0.58618,0.007647,0.626767,0.0
2020-07-19 22:05:34,1160,0.513319,-0.58618,0.007647,0.626767,0.0
2020-07-19 22:05:34,1171,0.500418,-0.594437,-0.012856,0.629333,0.0
2020-07-19 22:05:34,1182,0.500418,-0.594437,-0.012856,0.629333,0.0
2020-07-19 22:05:34,1190,0.494318,-0.598015,-0.022286,0.6305,0.0
2020-07-19 22:05:34,1201,0.483053,-0.603734,-0.039081,0.632958,0.0
2020-07-19 22:05:34,1210,0.483053,-0.603734,-0.039081,0.632958,0.0
2020-07-19 22:05:34,1221,0.473396,-0.607384,-0.053054,0.63574,0.0
2020-07-19 22:05:34,1230,0.473396,-0.607384,-0.053054,0.63574,0.0
2020-07-19 22:05:34,1240,0.464735,-0.610329,-0.065833,0.63811,0.0
2020-07-19 22:05:34,1251,0.464735,-0.610329,-0.065833,0.63811,0.0
2020-07-19 22:05:34,1260,0.456441,-0.61392,-0.078686,0.639195,0.0
2020-07-19 22:05:34,1270,0.456441,-0.61392,-0.078686,0.639195,0.0
2020-07-19 22:05:34,1281,0.447886,-0.618831,-0.092477,0.638664,0.0
2020-07-19 22:05:34,1290,0.447886,-0.618831,-0.092477,0.638664,0.0
2020-07-19 22:05:34,1300,0.443511,-0.621583,-0.099705,0.637957,0.0
2020-07-19 22:05:34,1310,0.434797,-0.627218,-0.11432,0.635986,0.0
2020-07-19 22:05:34,1321,0.430594,-0.629883,-0.121246,0.634928,0.0
2020-07-19 22:05:34,1330,0.42665,-0.632173,-0.127534,0.634083,0.0
2020-07-19 22:05:34,1340,0.423258,-0.633731,-0.132785,0.633722,0.0
2020-07-19 22:05:34,1351,0.42055,-0.634412,-0.136945,0.633959,0.0
2020-07-19 22:05:34,1360,0.418643,-0.634058,-0.139988,0.634909,0.0
2020-07-19 22:05:34,1370,0.417556,-0.632623,-0.141946,0.63662,0.0
2020-07-19 22:05:34,1380,0.417448,-0.62989,-0.142499,0.639271,0.0
2020-07-19 22:05:34,1390,0.418336,-0.625854,-0.141418,0.642885,0.0
2020-07-19 22:05:34,1400,0.420227,-0.620715,-0.138538,0.647246,0.0
2020-07-19 22:05:34,1411,0.422871,-0.614808,-0.134064,0.652086,0.0
2020-07-19 22:05:34,1420,0.425612,-0.60878,-0.129228,0.656917,0.0
2020-07-19 22:05:34,1430,0.428047,-0.603219,-0.12509,0.661252,0.0
2020-07-19 22:05:34,1440,0.429789,-0.598596,-0.1225,0.664798,0.0
2020-07-19 22:05:34,1451,0.430793,-0.595032,-0.121633,0.667501,0.0
2020-07-19 22:05:34,1460,0.431143,-0.592571,-0.122323,0.669336,0.0
2020-07-19 22:05:34,1470,0.431143,-0.592571,-0.122323,0.669336,0.0
2020-07-19 22:05:34,1481,0.431008,-0.590887,-0.124094,0.670585,0.0
2020-07-19 22:05:34,1490,0.430601,-0.58977,-0.12652,0.671376,0.0
2020-07-19 22:05:34,1500,0.430122,-0.588755,-0.129001,0.6721,0.0
2020-07-19 22:05:34,1511,0.429823,-0.58744,-0.13099,0.673057,0.0
2020-07-19 22:05:34,1520,0.43005,-0.585384,-0.131865,0.674532,0.0
2020-07-19 22:05:34,1530,0.432008,-0.579209,-0.130521,0.678858,0.0
2020-07-19 22:05:34,1541,0.433515,-0.575475,-0.128891,0.68138,0.0
2020-07-19 22:05:34,1550,0.435105,-0.57171,-0.127246,0.683841,0.0
2020-07-19 22:05:34,1560,0.435105,-0.57171,-0.127246,0.683841,0.0
2020-07-19 22:05:34,1570,0.436509,-0.5683,-0.126082,0.686001,0.0
2020-07-19 22:05:34,1581,0.437526,-0.565579,-0.125733,0.687663,0.0
2020-07-19 22:05:34,1590,0.438044,-0.56374,-0.126346,0.68873,0.0
2020-07-19 22:05:34,1601,0.437982,-0.561925,-0.129273,0.689709,0.0
2020-07-19 22:05:34,1610,0.437817,-0.561403,-0.130778,0.689956,0.0
2020-07-19 22:05:34,1621,0.437817,-0.561403,-0.130778,0.689956,0.0
2020-07-19 22:05:34,1631,0.437756,-0.560887,-0.132022,0.690177,0.0
2020-07-19 22:05:34,1640,0.43784,-0.5603,-0.132996,0.690413,0.0
2020-07-19 22:05:34,1650,0.438059,-0.559609,-0.133754,0.690688,0.0
2020-07-19 22:05:34,1661,0.438388,-0.558834,-0.134339,0.690993,0.0
2020-07-19 22:05:34,1670,0.438762,-0.558075,-0.134859,0.691268,0.0
2020-07-19 22:05:34,1681,0.439128,-0.557404,-0.135404,0.69147,0.0
2020-07-19 22:05:34,1690,0.439491,-0.556853,-0.136058,0.691556,0.0
2020-07-19 22:05:34,1700,0.440194,-0.556038,-0.137572,0.691464,0.0
2020-07-19 22:05:34,1711,0.440194,-0.556038,-0.137572,0.691464,0.0
2020-07-19 22:05:34,1720,0.440549,-0.555686,-0.138382,0.69136,0.0
2020-07-19 22:05:34,1730,0.440996,-0.555265,-0.139049,0.691279,0.0
2020-07-19 22:05:34,1741,0.442651,-0.552813,-0.141546,0.691679,0.0
2020-07-19 22:05:34,1750,0.442651,-0.552813,-0.141546,0.691679,0.0
2020-07-19 22:05:34,1761,0.444716,-0.549514,-0.144399,0.692394,0.0
2020-07-19 22:05:34,1771,0.445598,-0.54825,-0.145604,0.692576,0.0
2020-07-19 22:05:34,1780,0.445598,-0.54825,-0.145604,0.692576,0.0
2020-07-19 22:05:34,1791,0.446345,-0.547334,-0.14682,0.692563,0.0
2020-07-19 22:05:34,1800,0.446915,-0.546801,-0.148116,0.692341,0.0
2020-07-19 22:05:34,1811,0.447791,-0.5465,-0.150514,0.691494,0.0
2020-07-19 22:05:34,1821,0.447791,-0.5465,-0.150514,0.691494,0.0
2020-07-19 22:05:34,1830,0.448146,-0.54663,-0.151556,0.690934,0.0
2020-07-19 22:05:34,1840,0.44857,-0.546804,-0.15239,0.690338,0.0
2020-07-19 22:05:34,1851,0.44956,-0.547194,-0.153593,0.689117,0.0
2020-07-19 22:05:34,1860,0.44956,-0.547194,-0.153593,0.689117,0.0
2020-07-19 22:05:34,1871,0.450168,-0.547319,-0.153922,0.688547,0.0
2020-07-19 22:05:34,1880,0.451512,-0.547486,-0.154236,0.687463,0.0
2020-07-19 22:05:34,1890,0.452226,-0.547534,-0.154265,0.686949,0.0
2020-07-19 22:05:34,1900,0.452944,-0.547555,-0.154235,0.686465,0.0
2020-07-19 22:05:34,1910,0.453677,-0.547506,-0.154135,0.686043,0.0
2020-07-19 22:05:34,1921,0.454738,-0.548251,-0.153201,0.684954,0.0
2020-07-19 22:05:34,1930,0.45603,-0.548906,-0.151922,0.683854,0.0
2020-07-19 22:05:34,1940,0.45603,-0.548906,-0.151922,0.683854,0.0
2020-07-19 22:05:34,1951,0.459665,-0.549438,-0.147673,0.681922,0.0
2020-07-19 22:05:34,1960,0.459665,-0.549438,-0.147673,0.681922,0.0
2020-07-19 22:05:34,1970,0.462382,-0.54882,-0.143936,0.681381,0.0
2020-07-19 22:05:34,1981,0.465867,-0.547251,-0.138638,0.681368,0.0
2020-07-19 22:05:34,1990,0.470081,-0.544658,-0.131615,0.681944,0.0
2020-07-19 22:05:34,2000,0.479451,-0.538292,-0.114292,0.683596,0.0
2020-07-19 22:05:34,2011,0.479451,-0.538292,-0.114292,0.683596,0.0
2020-07-19 22:05:34,2020,0.483741,-0.535716,-0.105624,0.683991,0.0
2020-07-19 22:05:34,2030,0.487557,-0.533919,-0.097445,0.683901,0.0
2020-07-19 22:05:34,2040,0.494106,-0.532138,-0.08225,0.682584,0.0
2020-07-19 22:05:34,2051,0.494106,-0.532138,-0.08225,0.682584,0.0
2020-07-19 22:05:34,2060,0.501296,-0.529515,-0.065197,0.681222,0.0
2020-07-19 22:05:34,2071,0.501296,-0.529515,-0.065197,0.681222,0.0
2020-07-19 22:05:34,2080,0.509625,-0.524574,-0.04423,0.680548,0.0
2020-07-19 22:05:34,2090,0.509625,-0.524574,-0.04423,0.680548,0.0
2020-07-19 22:05:34,2101,0.517431,-0.519567,-0.020944,0.679613,0.0
2020-07-19 22:05:34,2111,0.517431,-0.519567,-0.020944,0.679613,0.0
2020-07-19 22:05:34,2120,0.520707,-0.51762,-0.009074,0.678859,0.0
2020-07-19 22:05:34,2130,0.523718,-0.515617,0.003261,0.67812,0.0
2020-07-19 22:05:35,2143,0.526824,-0.512398,0.016991,0.677948,0.0
2020-07-19 22:05:35,2150,0.530265,-0.507205,0.032542,0.678603,0.0
2020-07-19 22:05:35,2160,0.533928,-0.499996,0.049862,0.680027,0.0
2020-07-19 22:05:35,2172,0.540059,-0.483283,0.087436,0.683467,0.0
2020-07-19 22:05:35,2181,0.540059,-0.483283,0.087436,0.683467,0.0
2020-07-19 22:05:35,2190,0.541714,-0.476303,0.106028,0.684425,0.0
2020-07-19 22:05:35,2201,0.54254,-0.465673,0.142223,0.684521,0.0
2020-07-19 22:05:35,2210,0.542276,-0.460914,0.16016,0.68399,0.0
2020-07-19 22:05:35,2220,0.541867,-0.456007,0.177921,0.683213,0.0
2020-07-19 22:05:35,2231,0.541279,-0.450194,0.195981,0.682592,0.0
2020-07-19 22:05:35,2240,0.540454,-0.443298,0.214559,0.682172,0.0
2020-07-19 22:05:35,2250,0.539263,-0.435298,0.233821,0.681936,0.0
2020-07-19 22:05:35,2260,0.537339,-0.426312,0.253842,0.681973,0.0
2020-07-19 22:05:35,2271,0.534721,-0.417304,0.273876,0.681852,0.0
2020-07-19 22:05:35,2280,0.531474,-0.40891,0.293543,0.681292,0.0
2020-07-19 22:05:35,2290,0.527567,-0.401011,0.31297,0.680376,0.0
2020-07-19 22:05:35,2300,0.523029,-0.393573,0.332225,0.679092,0.0
2020-07-19 22:05:35,2310,0.517937,-0.386428,0.351285,0.677504,0.0
2020-07-19 22:05:35,2320,0.512406,-0.379232,0.370308,0.675643,0.0
2020-07-19 22:05:35,2331,0.506381,-0.371895,0.389258,0.673608,0.0
2020-07-19 22:05:35,2340,0.499876,-0.36439,0.408131,0.671395,0.0
2020-07-19 22:05:35,2351,0.492852,-0.35652,0.427066,0.669031,0.0
2020-07-19 22:05:35,2360,0.485192,-0.34815,0.446127,0.666595,0.0
2020-07-19 22:05:35,2372,0.476701,-0.33926,0.465389,0.664131,0.0
2020-07-19 22:05:35,2380,0.467452,-0.32994,0.484801,0.661509,0.0
2020-07-19 22:05:35,2391,0.457394,-0.320255,0.504283,0.658729,0.0
2020-07-19 22:05:35,2400,0.446556,-0.310235,0.52385,0.655684,0.0
2020-07-19 22:05:35,2410,0.435052,-0.300108,0.543368,0.652237,0.0
2020-07-19 22:05:35,2420,0.422913,-0.289961,0.562758,0.648358,0.0
2020-07-19 22:05:35,2430,0.422913,-0.289961,0.562758,0.648358,0.0
2020-07-19 22:05:35,2441,0.396708,-0.268917,0.600844,0.639758,0.0
2020-07-19 22:05:35,2450,0.396708,-0.268917,0.600844,0.639758,0.0
2020-07-19 22:05:35,2461,0.365997,-0.244378,0.638647,0.631232,0.0
2020-07-19 22:05:35,2470,0.34802,-0.229995,0.657813,0.627108,0.0
2020-07-19 22:05:35,2480,0.34802,-0.229995,0.657813,0.627108,0.0
2020-07-19 22:05:35,2491,0.328346,-0.214582,0.676919,0.622834,0.0
2020-07-19 22:05:35,2500,0.30746,-0.198596,0.695638,0.618153,0.0
2020-07-19 22:05:35,2510,0.285928,-0.182499,0.713628,0.612921,0.0
2020-07-19 22:05:35,2521,0.264252,-0.166383,0.730759,0.607023,0.0
2020-07-19 22:05:35,2530,0.220482,-0.13442,0.762404,0.593344,0.0
2020-07-19 22:05:35,2540,0.220482,-0.13442,0.762404,0.593344,0.0
2020-07-19 22:05:35,2551,0.177935,-0.105413,0.789926,0.577271,0.0
2020-07-19 22:05:35,2560,0.177935,-0.105413,0.789926,0.577271,0.0
2020-07-19 22:05:35,2570,0.158104,-0.092859,0.802091,0.568357,0.0
2020-07-19 22:05:35,2581,0.139511,-0.08192,0.813259,0.558958,0.0
2020-07-19 22:05:35,2590,0.121959,-0.072415,0.823611,0.549132,0.0
2020-07-19 22:05:35,2600,0.105626,-0.064462,0.83327,0.538838,0.0
2020-07-19 22:05:35,2611,0.090614,-0.058113,0.842324,0.52811,0.0
2020-07-19 22:05:35,2620,0.077334,-0.053704,0.850775,0.517026,0.0
2020-07-19 22:05:35,2631,0.065867,-0.051102,0.858631,0.505767,0.0
2020-07-19 22:05:35,2640,0.055949,-0.05011,0.865892,0.494559,0.0
2020-07-19 22:05:35,2651,0.047035,-0.050581,0.872587,0.483549,0.0
2020-07-19 22:05:35,2660,0.038475,-0.051957,0.878848,0.4727,0.0
2020-07-19 22:05:35,2671,0.029758,-0.053938,0.884743,0.461989,0.0
2020-07-19 22:05:35,2680,0.011765,-0.059538,0.895654,0.440589,0.0
2020-07-19 22:05:35,2691,0.011765,-0.059538,0.895654,0.440589,0.0
2020-07-19 22:05:35,2700,0.002942,-0.063234,0.900783,0.429629,0.0
2020-07-19 22:05:35,2710,-0.005489,-0.067571,0.905701,0.418459,0.0
2020-07-19 22:05:35,2721,-0.013455,-0.072586,0.910295,0.407324,0.0
2020-07-19 22:05:35,2730,-0.028608,-0.083814,0.918141,0.386228,0.0
2020-07-19 22:05:35,2740,-0.035784,-0.090006,0.921336,0.376507,0.0
2020-07-19 22:05:35,2751,-0.035784,-0.090006,0.921336,0.376507,0.0
2020-07-19 22:05:35,2760,-0.042762,-0.09632,0.924179,0.36713,0.0
2020-07-19 22:05:35,2770,-0.04931,-0.102753,0.926763,0.357938,0.0
2020-07-19 22:05:35,2781,-0.059154,-0.11694,0.931066,0.340499,0.0
2020-07-19 22:05:35,2790,-0.062363,-0.124474,0.932747,0.332564,0.0
2020-07-19 22:05:35,2800,-0.062363,-0.124474,0.932747,0.332564,0.0
2020-07-19 22:05:35,2811,-0.065808,-0.139646,0.935359,0.318229,0.0
2020-07-19 22:05:35,2820,-0.066228,-0.147023,0.936405,0.311677,0.0
2020-07-19 22:05:35,2830,-0.066078,-0.154112,0.937318,0.305477,0.0
2020-07-19 22:05:35,2840,-0.065376,-0.160871,0.938063,0.299804,0.0
2020-07-19 22:05:35,2851,-0.064372,-0.167361,0.938623,0.294673,0.0
2020-07-19 22:05:35,2860,-0.063289,-0.17363,0.939001,0.29004,0.0
2020-07-19 22:05:35,2870,-0.062275,-0.179527,0.939246,0.285845,0.0
2020-07-19 22:05:35,2880,-0.061405,-0.184955,0.939401,0.282038,0.0
2020-07-19 22:05:35,2890,-0.060565,-0.189963,0.939514,0.278491,0.0
2020-07-19 22:05:35,2901,-0.059696,-0.194566,0.939562,0.275321,0.0
2020-07-19 22:05:35,2910,-0.059696,-0.194566,0.939562,0.275321,0.0
2020-07-19 22:05:35,2920,-0.058431,-0.202629,0.939469,0.270044,0.0
2020-07-19 22:05:35,2930,-0.058453,-0.20603,0.939332,0.267933,0.0
2020-07-19 22:05:35,2941,-0.058962,-0.208969,0.93921,0.265966,0.0
2020-07-19 22:05:35,2950,-0.058962,-0.208969,0.93921,0.265966,0.0
2020-07-19 22:05:35,2960,-0.06169,-0.213741,0.93891,0.262596,0.0
2020-07-19 22:05:35,2971,-0.064001,-0.215594,0.938674,0.261369,0.0
2020-07-19 22:05:35,2980,-0.067412,-0.216913,0.938338,0.260625,0.0
2020-07-19 22:05:35,2990,-0.067412,-0.216913,0.938338,0.260625,0.0
2020-07-19 22:05:35,3001,-0.067412,-0.216913,0.938338,0.260625,0.0
2020-07-19 22:05:35,3010,-0.082258,-0.217996,0.937174,0.259642,0.0
2020-07-19 22:05:35,3020,-0.082258,-0.217996,0.937174,0.259642,0.0
2020-07-19 22:05:35,3031,-0.092234,-0.2182,0.936472,0.25865,0.0
2020-07-19 22:05:35,3040,-0.092234,-0.2182,0.936472,0.25865,0.0
2020-07-19 22:05:35,3050,-0.102409,-0.218236,0.935616,0.25789,0.0
2020-07-19 22:05:35,3060,-0.107951,-0.217973,0.935058,0.257876,0.0
2020-07-19 22:05:35,3071,-0.107951,-0.217973,0.935058,0.257876,0.0
2020-07-19 22:05:35,3080,-0.118369,-0.21738,0.933865,0.258127,0.0
2020-07-19 22:05:35,3091,-0.1222,-0.217079,0.933494,0.257936,0.0
2020-07-19 22:05:35,3100,-0.124845,-0.216891,0.933343,0.257373,0.0
2020-07-19 22:05:35,3111,-0.126496,-0.216713,0.933332,0.256758,0.0
2020-07-19 22:05:35,3120,-0.127509,-0.216455,0.933394,0.256247,0.0
2020-07-19 22:05:35,3130,-0.128203,-0.216178,0.933453,0.255921,0.0
2020-07-19 22:05:36,3142,-0.128579,-0.215917,0.933485,0.255837,0.0
2020-07-19 22:05:36,3151,-0.128753,-0.215754,0.933483,0.255891,0.0
2020-07-19 22:05:36,3161,-0.129096,-0.215462,0.933462,0.256043,0.0
2020-07-19 22:05:36,3170,-0.129096,-0.215462,0.933462,0.256043,0.0
2020-07-19 22:05:36,3181,-0.130793,-0.214056,0.93349,0.256257,0.0
2020-07-19 22:05:36,3190,-0.131854,-0.213196,0.933515,0.256339,0.0
2020-07-19 22:05:36,3201,-0.132964,-0.212317,0.933499,0.256554,0.0
2020-07-19 22:05:36,3210,-0.134223,-0.211415,0.933424,0.256918,0.0
2020-07-19 22:05:36,3220,-0.135727,-0.210374,0.933324,0.257343,0.0
2020-07-19 22:05:36,3230,-0.13742,-0.209234,0.933222,0.257747,0.0
2020-07-19 22:05:36,3240,-0.139076,-0.208159,0.933122,0.258089,0.0
2020-07-19 22:05:36,3251,-0.140516,-0.207251,0.933033,0.258361,0.0
2020-07-19 22:05:36,3260,-0.141856,-0.206405,0.932958,0.258576,0.0
2020-07-19 22:05:36,3270,-0.143182,-0.205612,0.932886,0.258736,0.0
2020-07-19 22:05:36,3280,-0.144475,-0.204954,0.932801,0.258848,0.0
2020-07-19 22:05:36,3290,-0.145538,-0.204402,0.932744,0.258893,0.0
2020-07-19 22:05:36,3301,-0.147897,-0.202649,0.932932,0.258257,0.0
2020-07-19 22:05:36,3310,-0.149616,-0.201257,0.933141,0.257599,0.0
2020-07-19 22:05:36,3320,-0.150789,-0.200255,0.933322,0.257038,0.0
2020-07-19 22:05:36,3330,-0.151686,-0.199546,0.933456,0.256575,0.0
2020-07-19 22:05:36,3340,-0.152541,-0.198923,0.93355,0.25621,0.0
2020-07-19 22:05:36,3350,-0.153417,-0.198292,0.933632,0.255876,0.0
2020-07-19 22:05:36,3360,-0.154373,-0.197558,0.933721,0.255545,0.0
2020-07-19 22:05:36,3370,-0.155388,-0.196687,0.933796,0.255326,0.0
2020-07-19 22:05:36,3381,-0.156393,-0.195731,0.93387,0.255179,0.0
2020-07-19 22:05:36,3390,-0.157341,-0.194734,0.933918,0.255181,0.0
2020-07-19 22:05:36,3400,-0.158212,-0.19374,0.933955,0.255264,0.0
2020-07-19 22:05:36,3410,-0.158957,-0.192772,0.934009,0.25534,0.0
2020-07-19 22:05:36,3420,-0.159685,-0.191851,0.93402,0.255538,0.0
2020-07-19 22:05:36,3431,-0.160411,-0.191003,0.934003,0.255778,0.0
2020-07-19 22:05:36,3440,-0.161116,-0.190231,0.933972,0.256024,0.0
2020-07-19 22:05:36,3450,-0.161787,-0.189525,0.933954,0.256191,0.0
2020-07-19 22:05:36,3460,-0.162465,-0.188856,0.933943,0.256296,0.0
2020-07-19 22:05:36,3470,-0.163072,-0.188266,0.933924,0.256414,0.0
2020-07-19 22:05:36,3481,-0.163624,-0.18775,0.933905,0.25651,0.0
2020-07-19 22:05:36,3490,-0.164266,-0.187259,0.93386,0.25662,0.0
2020-07-19 22:05:36,3500,-0.164999,-0.186809,0.933843,0.256543,0.0
2020-07-19 22:05:36,3510,-0.165755,-0.186494,0.933845,0.256277,0.0
2020-07-19 22:05:36,3521,-0.166566,-0.186233,0.93382,0.256033,0.0
2020-07-19 22:05:36,3530,-0.16738,-0.186062,0.933751,0.255874,0.0
2020-07-19 22:05:36,3540,-0.16794,-0.186022,0.933687,0.25577,0.0
2020-07-19 22:05:36,3551,-0.168073,-0.186059,0.933704,0.255595,0.0
2020-07-19 22:05:36,3560,-0.16784,-0.186188,0.933787,0.25535,0.0
2020-07-19 22:05:36,3570,-0.167438,-0.186369,0.933919,0.254998,0.0
2020-07-19 22:05:36,3580,-0.167007,-0.186602,0.934074,0.254543,0.0
2020-07-19 22:05:36,3590,-0.166721,-0.186783,0.934249,0.253955,0.0
2020-07-19 22:05:36,3600,-0.166713,-0.186764,0.934435,0.253289,0.0
2020-07-19 22:05:36,3610,-0.167106,-0.186581,0.934529,0.252818,0.0
2020-07-19 22:05:36,3621,-0.167728,-0.186414,0.934523,0.252553,0.0
2020-07-19 22:05:36,3630,-0.168348,-0.18627,0.934457,0.25249,0.0
2020-07-19 22:05:36,3640,-0.168814,-0.186144,0.934411,0.252442,0.0
2020-07-19 22:05:36,3650,-0.169187,-0.186024,0.934383,0.252383,0.0
2020-07-19 22:05:36,3660,-0.169453,-0.185915,0.934355,0.252391,0.0
2020-07-19 22:05:36,3670,-0.169593,-0.185854,0.934326,0.252447,0.0
2020-07-19 22:05:36,3680,-0.169711,-0.185768,0.934286,0.252581,0.0
2020-07-19 22:05:36,3690,-0.169894,-0.185652,0.934246,0.252691,0.0
2020-07-19 22:05:36,3700,-0.170172,-0.185487,0.934201,0.252789,0.0
2020-07-19 22:05:36,3710,-0.170568,-0.185298,0.934154,0.252836,0.0
2020-07-19 22:05:36,3720,-0.171035,-0.185163,0.934083,0.252881,0.0
2020-07-19 22:05:36,3730,-0.171573,-0.185094,0.933975,0.252966,0.0
2020-07-19 22:05:36,3741,-0.171573,-0.185094,0.933975,0.252966,0.0
2020-07-19 22:05:36,3750,-0.172856,-0.185026,0.933693,0.253186,0.0
2020-07-19 22:05:36,3760,-0.173415,-0.185091,0.933571,0.253205,0.0
2020-07-19 22:05:36,3770,-0.173968,-0.185155,0.933449,0.253226,0.0
2020-07-19 22:05:36,3780,-0.174527,-0.185177,0.933351,0.253188,0.0
2020-07-19 22:05:36,3790,-0.175133,-0.185117,0.933269,0.253118,0.0
2020-07-19 22:05:36,3800,-0.175772,-0.184963,0.933213,0.25299,0.0
2020-07-19 22:05:36,3810,-0.176468,-0.184778,0.933164,0.252823,0.0
2020-07-19 22:05:36,3821,-0.177116,-0.184627,0.933115,0.252661,0.0
2020-07-19 22:05:36,3830,-0.177632,-0.184536,0.933103,0.252411,0.0
2020-07-19 22:05:36,3840,-0.178108,-0.18439,0.933098,0.252198,0.0
2020-07-19 22:05:36,3850,-0.178577,-0.18422,0.933113,0.251939,0.0
2020-07-19 22:05:36,3861,-0.178997,-0.184076,0.933147,0.251618,0.0
2020-07-19 22:05:36,3870,-0.179309,-0.183996,0.933185,0.251313,0.0
2020-07-19 22:05:36,3880,-0.179508,-0.183945,0.933235,0.251022,0.0
2020-07-19 22:05:36,3890,-0.1797,-0.183926,0.933262,0.250797,0.0
2020-07-19 22:05:36,3900,-0.179896,-0.183922,0.933278,0.2506,0.0
2020-07-19 22:05:36,3910,-0.180173,-0.18389,0.933269,0.250459,0.0
2020-07-19 22:05:36,3921,-0.180632,-0.183827,0.933226,0.250334,0.0
2020-07-19 22:05:36,3930,-0.181206,-0.183734,0.933154,0.250258,0.0
2020-07-19 22:05:36,3940,-0.18188,-0.18357,0.933054,0.250263,0.0
2020-07-19 22:05:36,3951,-0.182545,-0.183353,0.932949,0.250326,0.0
2020-07-19 22:05:36,3960,-0.183181,-0.183106,0.93287,0.250339,0.0
2020-07-19 22:05:36,3970,-0.183777,-0.182858,0.932798,0.250349,0.0
2020-07-19 22:05:36,3980,-0.184392,-0.182571,0.932731,0.250357,0.0
2020-07-19 22:05:36,3990,-0.185111,-0.182213,0.932652,0.250381,0.0
2020-07-19 22:05:36,4001,-0.185926,-0.181807,0.932558,0.250424,0.0
2020-07-19 22:05:36,4010,-0.186776,-0.18117,0.932472,0.250574,0.0
2020-07-19 22:05:36,4020,-0.187673,-0.180919,0.932306,0.250703,0.0
2020-07-19 22:05:36,4030,-0.187953,-0.180834,0.932345,0.250407,0.0
2020-07-19 22:05:36,4040,-0.187848,-0.180764,0.932555,0.249755,0.0
2020-07-19 22:05:36,4050,-0.187709,-0.1807,0.932817,0.248923,0.0
2020-07-19 22:05:36,4060,-0.187692,-0.18051,0.933042,0.248231,0.0
2020-07-19 22:05:36,4071,-0.187912,-0.180183,0.933164,0.247842,0.0
2020-07-19 22:05:36,4080,-0.188466,-0.179822,0.933088,0.24797,0.0
2020-07-19 22:05:36,4090,-0.188466,-0.179822,0.933088,0.24797,0.0
2020-07-19 22:05:36,4100,-0.188466,-0.179822,0.933088,0.24797,0.0
2020-07-19 22:05:36,4110,-0.188466,-0.179822,0.933088,0.24797,0.0
2020-07-19 22:05:36,4120,-0.188466,-0.179822,0.933088,0.24797,0.0
2020-07-19 22:05:36,4130,-0.188466,-0.179822,0.933088,0.24797,0.0
2020-07-19 22:05:37,4141,-0.188466,-0.179822,0.933088,0.24797,0.0
2020-07-19 22:05:37,4150,-0.188466,-0.179822,0.933088,0.24797,0.0
2020-07-19 22:05:37,4160,-0.188466,-0.179822,0.933088,0.24797,0.0
2020-07-19 22:05:37,4170,-0.188466,-0.179822,0.933088,0.24797,0.0
2020-07-19 22:05:37,4180,-0.188466,-0.179822,0.933088,0.24797,0.0
2020-07-19 22:05:37,4190,-0.188466,-0.179822,0.933088,0.24797,0.0
